53819,20040101,68,25,47,0,29,37,18,0,FGHZ,-,-,-,0.00,29.43,30.39,0.1,34,.8,10,31,9,29
53819,20040102,66,37,52,0,45,48,13,0,FG,-,-,-,0.00,29.32,30.26,1.0,25,1.5,13,23,10,24
53819,20040103,70,45,58,0,54,56,7,0,FG,-,-,-,0.00,29.23,30.18,2.1,22,3.0,15,27,12,20
53819,20040104,71,48,60*,0,57,58,5,0,FG+FG,-,-,-,0.01,29.15,30.08,2.2,21,4.4,20,21,15,21
53819,20040105,68,37,53,0,54,56,12,0,RAFG,-,-,-,0.51,29.11,30.03,6.6,28,10.3,30,33,24,33
53819,20040106,44,26,35,0,23,31,30,0,-,-,-,-,0.00,29.43,30.40,8.3,34,10.4,22,32,18,32
53819,20040107,38,18,28*,0,6,21,37,0,-,-,-,-,0.00,29.56,30.54,4.6,35,6.1,16,34,13,34
53819,20040108,39,18,29,0,20,26,36,0,-,-,-,-,0.01,29.41,30.37,0.2,24,.6,7,20,6,19
53819,20040109,40,32,36,0,33,34,29,0,RAFGUPHZ,-,-,-,0.21,29.17,30.13,2.6,35,4.9,20,34,15,34
53819,20040110,36,21,29,0,26,29,36,0,FGHZ,-,-,-,0.00,29.36,30.32,3.6,34,5.4,17,33,13,33
53819,20040111,49,17,33,0,22,27,32,0,FGHZ,-,-,-,0.00,29.46,30.44,0.0,0,1.2,9,24,8,24
53819,20040112,59,20,40,0,25,34,25,0,-,-,-,-,0.00,29.40,30.37,3.1,29,4.2,18,26,15,26
53819,20040113,62,30,46,0,33,39,19,0,-,-,-,-,0.00,29.32,30.27,1.3,31,2.2,15,31,12,31
53819,20040114,62,29,46,0,40,43,19,0,FGHZ,-,-,-,T,29.12,30.08,3.2,29,4.2,21,27,15,28
53819,20040115,53,33,43,0,32,41,22,0,FGHZ,-,-,-,0.00,29.06,30.00,9.3,32,9.8,24,33,20,33
53819,20040116,59,24,42,0,23,34,23,0,-,-,-,-,0.00,29.17,30.13,0.0,0,1.6,16,33,10,34
53819,20040117,49,28,39,0,36,38,26,0,RAFGHZ,-,-,-,0.12,29.08,30.03,0.4,14,1.2,15,14,12,14
53819,20040118,60,44,52,0,49,51,13,0,RAFG,M,-,M,0.27,28.75,29.70,7.0,29,10.1,26,26,21,33
53819,20040119,44,27,36,0,24,31,29,0,-,-,-,-,0.01,28.98,29.92,10.4,34,10.6,25,33,20,32
53819,20040120,47,21,34,0,18,26,31,0,-,-,-,-,0.02,29.18,30.15,0.4,33,3.2,17,33,13,33
53819,20040121,54,20,37,M,20,29,28,0,-,M,-,M,0.00,29.23,30.21,1.5,31,2.0,16,31,12,31
53819,20040122,54,21,38,M,24,32,27,0,-,M,-,M,0.00,29.19,30.16,4.8,31,5.2,21,31,17,32
53819,20040123,49,25,37,M,13,29,28,0,-,M,-,M,0.00,29.23,30.19,5.6,32,6.6,18,32,14,32
53819,20040124,64,34,49,M,38,44,16,0,RAFGHZ,M,-,M,0.02,29.06,30.02,5.4,29,6.9,23,30,18,30
53819,20040125,52,34,43,M,45,45,22,0,RAFG,M,-,M,1.51,28.98,29.93,0.5,15,4.5,18,12,13,14
53819,20040126,35,31,33,0,33,33,32,0,TSRAFG+FGUPVCTS,-,-,-,0.07,29.00,29.94,0.5,14,3.1,20,15,17,15
53819,20040127,47,28,38,0,29,34,27,0,FG+FG,-,-,-,0.01,29.04,29.98,6.8,31,7.9,30,32,22,31
53819,20040128,44,21,33,0,16,25,32,0,-,-,-,-,0.00,29.29,30.27,7.8,32,8.1,29,32,23,32
53819,20040129,50,26,38,0,16,26,27,0,-,M,-,M,0.00,29.21,-,1.3,30,M,14,30,10,33
53819,20040130,54,25,40,0,27,36,25,0,-,-,-,-,0.00,28.99,29.96,5.2,32,5.9,22,33,18,32
53819,20040131,51,25,38,0,22,31,27,0,-,-,-,-,0.00,29.10,30.07,1.6,31,2.9,10,7,9,16
