14739,20040101,44,34,39,8,21,33,26,0,-,0,-,0.0,0.00,30.11,30.18,11.8,28,12.8,25,29,20,30
14739,20040102,39,27,33,3,29,32,32,0,RASNFG,0,-,0.3,0.06,30.15,30.22,0.6,2,4.5,13,21,12,21
14739,20040103,47,35,41,11,38,38,24,0,RAFG+FG,0,-,0.0,0.16,29.91,29.97,0.8,32,3.5,14,28,9,22
14739,20040104,50,34,42*,12,38,42,23,0,RASNSGFG,T,-,T,0.17,29.85,29.91,6.7,29,8.7,16,28,13,1
14739,20040105,37,32,35,5,32,34,30,0,RADZFZRAFGUP,0,-,T,0.29,29.86,29.92,10.8,5,12.4,21,6,18,8
14739,20040106,35,21,28,-2,20,27,37,0,SNFG+FGFZFG,T,-,0.2,0.01,29.85,29.91,15.8,28,16.4,37,29,30,28
14739,20040107,23,17,20,-10,4,16,45,0,-,0,-,T,T,30.00,30.04,17.1,26,17.8,35,27,29,27
14739,20040108,21,9,15,-15,-4,12,50,0,-,0,-,0.0,0.00,30.11,30.17,16.9,29,17.6,40,27,31,26
14739,20040109,9,1,5,-24,-15,2,60,0,-,0,-,0.0,0.00,30.21,30.27,15.6,31,15.9,31,30,23,31
14739,20040110,14,-3,6,-23,-15,2,59,0,-,0,-,0.0,0.00,30.24,30.29,13.8,31,13.9,31,32,24,31
14739,20040111,24,3,14,-15,-6,11,51,0,-,0,-,0.0,T,30.18,30.23,10.0,25,12.5,26,32,22,31
14739,20040112,33,23,28,-1,22,26,37,0,SNFGHZ,1,-,1.1,0.09,29.84,29.91,6.8,25,8.7,22,23,18,23
14739,20040113,40,8,24,-5,15,25,41,0,-,M,-,M,T,29.72,29.79,13.3,27,16.5,41,27,32,30
14739,20040114,8,-4,2,-27,-18,1,63,0,HZ,T,-,T,T,30.02,30.08,12.8,30,13.3,37,31,30,31
14739,20040115,8,-5,2*,-27,-15,0,63,0,HZ,T,-,0.2,0.01,29.74,29.79,15.4,31,16.4,38,29,30,29
14739,20040116,14,-7,4,-25,-13,2,61,0,-,T,-,T,T,29.56,29.63,22.5,30,22.8,41,29,31,30
14739,20040117,38,13,26,-3,4,20,39,0,-,T,-,0.0,0.00,29.77,29.82,17.2,29,17.5,44,29,32,29
14739,20040118,34,28,31,2,24,29,34,0,RASNFG,T,-,0.2,0.15,29.47,31.12,4.4,25,8.1,21,29,17,30
14739,20040119,28,17,23,-6,8,19,42,0,-,T,-,0.0,0.00,29.41,31.68,17.5,28,17.7,31,28,26,28
14739,20040120,25,15,20,-9,2,15,45,0,-,T,-,0.0,0.00,29.65,29.72,17.3,29,17.8,33,32,28,29
14739,20040121,29,15,22,-7,4,17,43,0,-,0,-,0.0,0.00,29.88,29.96,8.7,30,10.2,29,28,23,30
14739,20040122,36,18,27,-2,12,22,38,0,-,0,-,T,T,29.65,29.83,10.5,24,12.7,36,29,28,28
14739,20040123,22,11,17,-12,-4,12,48,0,-,0,-,0.0,0.00,29.66,29.73,18.1,28,18.3,36,27,29,27
14739,20040124,19,6,13,-16,-9,9,52,0,-,0,-,T,T,29.75,29.81,15.6,28,16.0,30,29,26,30
14739,20040125,16,1,9,-20,-16,5,56,0,-,0,-,0.0,0.00,30.16,30.21,14.7,29,15.0,36,30,29,30
14739,20040126,19,5,12,-17,-11,9,53,0,-,0,-,0.0,0.00,30.32,30.37,6.8,34,9.1,23,32,20,32
14739,20040127,24,12,18,-11,-7,14,47,0,-,0,-,0.0,0.00,29.96,30.02,7.5,36,8.1,17,36,15,1
14739,20040128,28,22,25,-4,13,22,40,0,SNFGHZ,0,-,1.5,0.05,29.47,31.60,10.6,29,11.3,26,28,21,29
14739,20040130,26,16,21,-8,4,17,44,0,-,-,-,-,0.00,29.44,31.83,17.0,27,17.4,33,26,28,27
