94846,20110401,45, ,28, ,37, ,-6, ,30, ,35, ,28, , 0, ,0535, ,1816, ,RA BR, ,M, ,M, ,M, ,0.18, ,28.92, ,29.65, , 5.0, ,25, ,6.8, ,23, ,350, ,17, ,340, 
94846,20110402,54, ,36, ,45, , 2, ,31, ,38, ,20, , 0, ,0533, ,1817, , , ,M, ,M, ,M, ,0.00, ,29.15, ,29.85, , 6.9, ,30, ,10.0, ,26, ,300, ,22, ,290, 
94846,20110403,72, ,35, ,54, ,11, ,43, ,50, ,11, , 0, ,0532, ,1818, ,TSRA, ,M, ,M, ,M, ,0.13, ,28.74, ,29.53, ,13.2, ,17, ,14.7, ,40, ,210, ,32, ,210, 
94846,20110404,68, ,40, ,54, ,11, ,38, ,43, ,11, , 0, ,0530, ,1819, ,RA BR, ,M, ,M, ,M, ,0.11, ,28.79, ,29.49, ,14.3, ,29, ,16.6, ,43, ,220, ,33, ,220, 
94846,20110405,53, ,33, ,43, ,-1, ,27, ,37, ,22, , 0, ,0528, ,1820, , , ,M, ,M, ,M, ,0.00, ,29.05, ,29.76, , 9.4, ,26, ,12.4, ,25, ,280, ,22, ,190, 
94846,20110406,59, ,42, ,51, , 7, ,35, ,43, ,14, , 0, ,0526, ,1821, ,RA BR HZ, ,M, ,M, ,M, ,  T, ,29.08, ,29.79, , 3.6, ,07, ,7.1, ,15, ,210, ,15, ,210, 
94846,20110407,46, ,39, ,43, ,-2, ,38, ,41, ,22, , 0, ,0525, ,1822, ,RA BR HZ, ,M, ,M, ,M, ,0.25, ,29.30, ,30.03, , 8.2, ,06, ,8.7, ,28, ,060, ,17, ,090, 
94846,20110408,45, ,40, ,43, ,-2, ,42, ,43, ,22, , 0, ,0523, ,1824, ,RA DZ BR, ,M, ,M, ,M, ,0.51, ,29.23, ,29.97, , 8.3, ,05, ,8.9, ,24, ,050, ,17, ,060, 
94846,20110409,66, ,44, ,55, ,10, ,48, ,50, ,10, , 0, ,0522, ,1825, ,BR HZ, ,M, ,M, ,M, ,0.00, ,29.15, ,29.90, , 5.9, ,10, ,7.1, ,23, ,070, ,15, ,120, 
94846,20110410,83, ,56,s,M, ,M, ,61, ,65, ,M, ,M, ,0520, ,1826, , , ,M, ,M, ,M, ,  T, ,28.84, ,29.59, ,17.7, ,20, ,18.9, ,40, ,210, ,31, ,210, 
94846,20110411,67, ,44, ,56, ,10, ,43, ,49, ,9, , 0, ,0518, ,1827, , , ,M, ,M, ,M, ,0.00, ,29.06, ,29.73, , 6.9, ,31, ,13.6, ,33, ,030, ,25, ,280, 
94846,20110412,58, ,40, ,49, , 3, ,28, ,40, ,16, , 0, ,0517, ,1828, , , ,M, ,M, ,M, ,0.00, ,29.36, ,30.07, , 9.1, ,04, ,9.4, ,28, ,030, ,17, ,020, 
94846,20110413,68, ,36, ,52, , 5, ,32, ,43, ,13, , 0, ,0515, ,1829, , , ,M, ,M, ,M, ,0.00, ,29.34, ,30.07, , 2.1, ,13, ,3.5, ,16, ,110, ,14, ,090, 
94846,20110414,53, ,40, ,47, , 0, ,34, ,39, ,18, , 0, ,0513, ,1830, ,RA, ,M, ,M, ,M, ,  T, ,29.44, ,30.17, ,16.9, ,04, ,17.4, ,37, ,030, ,25, ,030, 
94846,20110415,51, ,37, ,44, ,-3, ,36, ,41, ,21, , 0, ,0512, ,1831, ,TSRA RA, ,M, ,M, ,M, ,0.34, ,29.00, ,29.82, ,17.6, ,08, ,18.3, ,38, ,060, ,26, ,070, 
94846,20110416,49, ,35, ,42, ,-6, ,38, ,40, ,23, , 0, ,0510, ,1832, ,RA DZ BR, ,M, ,M, ,M, ,0.20, ,28.80, ,29.53, ,10.7, ,27, ,14.0, ,36, ,300, ,26, ,280, 
94846,20110417,53, ,35, ,44, ,-4, ,31, ,39, ,21, , 0, ,0509, ,1834, ,RA, ,M, ,M, ,M, ,0.08, ,29.08, ,29.78, ,12.3, ,27, ,13.8, ,35, ,270, ,28, ,290, 
94846,20110418,41, ,32, ,37, ,-12, ,32, ,34, ,28, , 0, ,0507, ,1835, ,RA SN PL BR, ,M, ,M, ,M, ,0.49, ,29.21, ,29.94, ,13.3, ,05, ,13.6, ,33, ,050, ,20, ,040, 
94846,20110419,38, ,34, ,36, ,-13, ,34, ,35, ,29, , 0, ,0506, ,1836, ,TSRA RA DZ BR, ,M, ,M, ,M, ,0.95, ,29.00, ,29.78, ,17.0, ,05, ,17.8, ,36, ,020, ,26, ,030, 
94846,20110420,43, ,32, ,38, ,-11, ,33, ,36, ,27, , 0, ,0504, ,1837, ,RA, ,M, ,M, ,M, ,0.01, ,29.38, ,30.07, ,10.5, ,30, ,11.6, ,28, ,280, ,21, ,280, 
94846,20110421,50, ,32, ,41, ,-9, ,32, ,38, ,24, , 0, ,0502, ,1838, ,RA, ,M, ,M, ,M, ,0.03, ,29.55, ,30.28, , 5.0, ,07, ,8.1, ,32, ,060, ,17, ,070, 
94846,20110422,46, ,39, ,43, ,-8, ,41, ,41, ,22, , 0, ,0501, ,1839, ,TSRA RA DZ FG BR, ,M, ,M, ,M, ,0.56, ,29.08, ,29.88, ,11.0, ,10, ,12.0, ,30, ,120, ,25, ,120, 
94846,20110423,64, ,45, ,55, , 4, ,45, ,49, ,10, , 0, ,0459, ,1840, , , ,M, ,M, ,M, ,0.00, ,29.13, ,29.84, ,10.7, ,26, ,11.4, ,36, ,250, ,28, ,260, 
94846,20110424,56, ,45, ,51, , 0, ,40, ,45, ,14, , 0, ,0458, ,1841, , , ,M, ,M, ,M, ,0.00, ,29.28, ,30.00, , 6.4, ,05, ,7.1, ,25, ,070, ,14, ,050, 
94846,20110425,54, ,45, ,50, ,-2, ,42, ,45, ,15, , 0, ,0457, ,1842, ,RA DZ BR, ,M, ,M, ,M, ,0.34, ,29.08, ,29.85, , 9.8, ,06, ,10.4, ,29, ,050, ,22, ,100, 
94846,20110426,68, ,47, ,58, , 6, ,51, ,53, ,7, , 0, ,0455, ,1844, ,RA BR, ,M, ,M, ,M, ,0.38, ,28.75, ,29.47, ,11.9, ,20, ,16.4, ,41, ,210, ,31, ,230, 
94846,20110427,55, ,43, ,49, ,-3, ,45, ,48, ,16, , 0, ,0454, ,1845, ,RA BR, ,M, ,M, ,M, ,0.31, ,28.79, ,29.51, , 5.1, ,30, ,7.2, ,23, ,300, ,18, ,300, 
94846,20110428,45, ,40, ,43, ,-10, ,37, ,40, ,22, , 0, ,0452, ,1846, ,RA, ,M, ,M, ,M, ,0.03, ,29.01, ,29.70, ,11.6, ,27, ,12.6, ,30, ,270, ,22, ,260, 
94846,20110429,62, ,36, ,49, ,-4, ,31, ,42, ,16, , 0, ,0451, ,1847, , , ,0, ,M, ,0.0, ,0.00,s,29.27, ,29.97, , 1.2, ,05, ,6.9, ,21, ,100, ,16, ,100, 
94846,20110430,71, ,48, ,60, , 7, ,45, ,52, ,5, , 0, ,0450, ,1848, , , ,0, ,M, ,0.0, ,0.00, ,29.09, ,29.83, ,17.1, ,16, ,18.5, ,41, ,150, ,31, ,170, 
