12904,20110401,90, ,62, ,76, ,M, ,68, ,71, ,0, ,11, ,-, ,-, ,FG+ BR, ,M, ,M, ,M, ,0.00, ,29.75, ,29.79, ,11.6, ,16, ,11.5, ,31, ,180, ,23, ,170, 
12904,20110402,91, ,71, ,81, ,M, ,70, ,73, ,0, ,16, ,-, ,-, ,BR, ,M, ,M, ,M, ,0.00, ,29.85, ,29.88, ,12.2, ,14, ,12.7, ,28, ,110, ,22, ,120, 
12904,20110403,90, ,71, ,81, ,M, ,71, ,74, ,0, ,16, ,-, ,-, , , ,M, ,M, ,M, ,0.00, ,29.75, ,29.80, ,17.2, ,16, ,17.4, ,25,s,170, ,21,s,170, 
12904,20110404,101, ,60, ,81, ,M, ,63, ,70, ,0, ,16, ,-, ,-, , , ,M, ,M, ,M, ,0.00, ,29.79, ,29.79, , 3.0, ,12, ,20.3, ,48, ,030, ,39, ,030, 
12904,20110405,80, ,54, ,67, ,M, ,47, ,56, ,0, , 2, ,-, ,-, , , ,M, ,M, ,M, ,0.00, ,30.06, ,30.10, , 7.3, ,07, ,9.4, ,10,s,140, ,8,s,140, 
12904,20110406,87, ,55, ,71, ,M, ,60, ,65, ,0, , 6, ,-, ,-, , , ,M, ,M, ,M, ,0.00, ,29.88, ,29.95, ,14.3, ,15, ,14.5, ,28,s,140, ,23, ,140, 
12904,20110407,90, ,71, ,81, ,M, ,69, ,72, ,0, ,16, ,-, ,-, , , ,M, ,M, ,M, ,0.00, ,29.72, ,29.78, ,21.4, ,17, ,21.6, ,40, ,170, ,33, ,160, 
12904,20110408,93, ,74, ,84, ,M, ,70, ,73, ,0, ,19, ,-, ,-, , , ,M, ,M, ,M, ,0.00, ,29.73, ,29.77, ,22.6, ,17, ,20.9, ,40,s,160, ,33, ,170, 
12904,20110409,94, ,75, ,85, ,M, ,71, ,74, ,0, ,20, ,-, ,-, , , ,M, ,M, ,M, ,0.00, ,M, ,29.82, ,21.5, ,16, ,20.8, ,30,s,160, ,24,s,160, 
12904,20110410,93, ,75, ,84, ,M, ,71, ,, ,0, ,19, ,-, ,-, , , ,M, ,M, ,M, ,0.00, ,29.74, ,M, ,M, ,M, ,23.0, ,39,s,160, ,33, ,150, 
12904,20110411,95, ,62, ,79, ,M, ,58, ,67, ,0, ,14, ,-, ,-, ,HZ, ,M, ,M, ,M, ,0.00, ,29.92, ,29.92, ,M, ,M, ,13.8, ,24,s,010, ,20,s,020, 
12904,20110412,85, ,57, ,71, ,M, ,55, ,62, ,0, , 6, ,-, ,-, , , ,M, ,M, ,M, ,0.00, ,30.00, ,30.04, , 9.6, ,08, ,10.6, ,8,s,130, ,8,s,140, 
12904,20110413,92, ,59, ,76, ,M, ,64, ,68, ,0, ,11, ,-, ,-, , , ,M, ,M, ,M, ,0.00, ,29.85, ,29.90, , 9.0, ,14, ,9.1, ,16,s,150, ,13,s,150, 
12904,20110414,90, ,71, ,81, ,M, ,70, ,73, ,0, ,16, ,-, ,-, , , ,M, ,M, ,M, ,0.00, ,29.68, ,29.74, ,15.3, ,16, ,15.6, ,35, ,160, ,26, ,150, 
12904,20110415,93, ,62, ,78, ,M, ,64, ,69, ,0, ,13, ,-, ,-, ,BR HZ, ,M, ,M, ,M, ,0.00, ,29.80, ,29.81, , 4.7, ,06, ,10.5, ,33, ,040, ,28, ,050, 
12904,20110416,84, ,57, ,71, ,M, ,52, ,60, ,0, , 6, ,-, ,-, ,HZ, ,M, ,M, ,M, ,0.00, ,29.98, ,30.02, ,10.5, ,09, ,11.6, ,30, ,070, ,23, ,080, 
12904,20110417,90, ,62, ,76, ,M, ,65, ,69, ,0, ,11, ,-, ,-, , , ,M, ,M, ,M, ,0.00, ,29.80, ,29.86, ,12.8, ,15, ,13.3, ,31, ,170, ,24, ,170, 
12904,20110418,92, ,75, ,84, ,M, ,71, ,74, ,0, ,19, ,-, ,-, , , ,M, ,M, ,M, ,0.00, ,29.68, ,29.74, ,18.8, ,16, ,18.9, ,36, ,160, ,29, ,160, 
12904,20110419,95, ,75, ,85, ,M, ,72, ,76, ,0, ,20, ,-, ,-, ,BR, ,M, ,M, ,M, ,0.00, ,29.67, ,29.71, ,21.2, ,17, ,21.5, ,24,s,150, ,20,s,150, 
12904,20110420,95, ,76, ,86, ,M, ,73, ,76, ,0, ,21, ,-, ,-, , , ,M, ,M, ,M, ,0.00, ,29.78, ,29.81, ,15.7, ,15, ,14.7, ,20,s,130, ,15,s,140, 
12904,20110421,94, ,77, ,86, ,M, ,71, ,75, ,0, ,21, ,-, ,-, , , ,M, ,M, ,M, ,0.00, ,29.82, ,29.85, ,17.5, ,15, ,18.0, ,33, ,160, ,25, ,150, 
12904,20110422,93, ,76, ,85, ,M, ,70, ,74, ,0, ,20, ,-, ,-, , , ,M, ,M, ,M, ,0.00, ,29.77, ,29.81, ,21.7, ,16, ,21.9, ,33,s,160, ,25,s,160, 
12904,20110423,93, ,74, ,84, ,M, ,71, ,75, ,0, ,19, ,-, ,-, , , ,M, ,M, ,M, ,0.00, ,29.75, ,29.80, ,17.9, ,15, ,18.1, ,28,s,160, ,22,s,160, 
12904,20110424,92, ,76, ,84, ,M, ,71, ,75, ,0, ,19, ,-, ,-, , , ,M, ,M, ,M, ,0.00, ,29.73, ,29.79, ,18.5, ,15, ,18.7, ,33, ,170, ,26, ,160, 
12904,20110425,93, ,78, ,86, ,M, ,73, ,76, ,0, ,21, ,-, ,-, , , ,M, ,M, ,M, ,0.00, ,29.60, ,29.66, ,19.3, ,17, ,19.5, ,30,s,170, ,25, ,170, 
12904,20110426,93, ,77, ,85, ,M, ,74, ,77, ,0, ,20, ,-, ,-, , , ,M, ,M, ,M, ,0.00, ,29.44, ,29.49, ,19.8, ,17, ,20.0, ,33, ,170, ,28, ,170, 
12904,20110427,97, ,61, ,79, ,M, ,63, ,70, ,0, ,14, ,-, ,-, ,BR, ,M, ,M, ,M, ,0.00, ,29.65, ,29.65, , 5.8, ,04, ,12.5, ,8,s,330, ,7,s,330, 
12904,20110428,88, ,60, ,74, ,M, ,61, ,65, ,0, , 9, ,-, ,-, , , ,M, ,M, ,M, ,0.00, ,30.03, ,30.03, ,11.0, ,06, ,11.8, ,15,s,070, ,13,s,080, 
12904,20110429,92, ,57, ,75, ,M, ,63, ,67, ,0, ,10, ,-, ,-, , , ,M, ,M, ,M, ,0.00, ,29.85, ,29.92, ,14.4, ,15, ,14.2, ,31,s,150, ,25, ,150, 
12904,20110430,93, ,78, ,86, ,M, ,72, ,75, ,0, ,21, ,-, ,-, ,HZ, ,M, ,M, ,M, ,0.00, ,29.64, ,29.70, ,23.6, ,17, ,24.3, ,31,s,170, ,24,s,170, 
