23174,20110401,83, ,60, ,72, ,13, ,56, ,60, ,0, , 7, ,0541, ,1813, , , ,M, ,M, ,M, ,0.00, ,29.49, ,29.83, , 3.3, ,24, ,5.7, ,17, ,250, ,14, ,260, 
23174,20110402,65, ,58, ,62, , 3, ,55, ,57, ,3, , 0, ,0540, ,1814, ,BR HZ, ,M, ,M, ,M, ,0.00, ,29.57, ,29.91, , 3.8, ,23, ,6.6, ,18, ,250, ,16, ,250, 
23174,20110403,65, ,58, ,62, , 3, ,51, ,56, ,3, , 0, ,0539, ,1815, , , ,M, ,M, ,M, ,0.00, ,29.67, ,30.01, , 8.2, ,26, ,8.7, ,22, ,280, ,17, ,270, 
23174,20110404,68, ,54, ,61, , 1, ,53, ,56, ,4, , 0, ,0537, ,1816, , , ,M, ,M, ,M, ,0.00, ,29.70, ,30.05, , 6.2, ,27, ,7.1, ,25, ,250, ,20, ,240, 
23174,20110405,65, ,57, ,61, , 1, ,53, ,56, ,4, , 0, ,0536, ,1816, ,BCFG BR HZ, ,M, ,M, ,M, ,0.00, ,29.62, ,29.96, , 5.0, ,25, ,5.9, ,18, ,230, ,16, ,260, 
23174,20110406,68, ,57, ,63, , 3, ,52, ,56, ,2, , 0, ,0535, ,1817, , , ,M, ,M, ,M, ,0.00, ,29.62, ,29.96, , 3.4, ,26, ,6.1, ,20, ,280, ,15, ,270, 
23174,20110407,62, ,52, ,57, ,-3, ,46, ,52, ,8, , 0, ,0533, ,1818, , , ,M, ,M, ,M, ,  T, ,29.54, ,29.89, ,15.8, ,27, ,16.2, ,37, ,270, ,32, ,270, 
23174,20110408,57, ,48, ,53, ,-7, ,35, ,44, ,12, , 0, ,0532, ,1819, , , ,M, ,M, ,M, ,0.00, ,29.46, ,29.81, , 8.6, ,27, ,10.2, ,25, ,270, ,22, ,270, 
23174,20110409,59, ,44, ,52, ,-8, ,37, ,46, ,13, , 0, ,0531, ,1819, , , ,M, ,M, ,M, ,0.00, ,29.67, ,30.02, , 4.9, ,25, ,8.2, ,25, ,250, ,21, ,260, 
23174,20110410,64, ,48, ,56, ,-4, ,44, ,50, ,9, , 0, ,0529, ,1820, , , ,M, ,M, ,M, ,0.00, ,29.89, ,30.24, , 4.4, ,26, ,7.8, ,25, ,270, ,20, ,280, 
23174,20110411,66, ,53, ,60, , 0, ,47, ,53, ,5, , 0, ,0528, ,1821, , , ,M, ,M, ,M, ,0.00, ,29.77, ,30.13, , 6.9, ,26, ,8.0, ,26, ,250, ,21, ,250, 
23174,20110412,65, ,53, ,59, ,-1, ,50, ,54, ,6, , 0, ,0527, ,1822, ,HZ, ,M, ,M, ,M, ,0.00, ,29.67, ,30.02, , 4.4, ,24, ,7.8, ,24, ,240, ,17, ,270, 
23174,20110413,63, ,55, ,59, ,-1, ,44, ,52, ,6, , 0, ,0526, ,1823, , , ,M, ,M, ,M, ,0.00, ,29.78, ,30.13, , 9.3, ,28, ,10.5, ,31, ,310, ,23, ,310, 
23174,20110414,73, ,52, ,63, , 3, ,35, ,51, ,2, , 0, ,0524, ,1823, , , ,M, ,M, ,M, ,0.00, ,29.82, ,30.17, , 4.2, ,28, ,9.2, ,29, ,270, ,25, ,270, 
23174,20110415,79, ,57, ,68, , 7, ,39, ,53, ,0, , 3, ,0523, ,1824, , , ,M, ,M, ,M, ,0.00, ,29.65, ,30.01, , 4.6, ,26, ,5.9, ,25, ,290, ,20, ,270, 
23174,20110416,81, ,60, ,71, ,10, ,49, ,58, ,0, , 6, ,0522, ,1825, , , ,M, ,M, ,M, ,0.00, ,29.49, ,29.84, , 4.7, ,26, ,6.0, ,18, ,260, ,16, ,270, 
23174,20110417,71, ,59, ,65, , 4, ,56, ,59, ,0, , 0, ,0521, ,1826, ,FG+ MIFG BR HZ, ,M, ,M, ,M, ,0.00, ,29.51, ,29.85, , 1.7, ,20, ,6.9, ,17, ,250, ,14, ,250, 
23174,20110418,67, ,58, ,63, , 2, ,53, ,57, ,2, , 0, ,0519, ,1826, , , ,M, ,M, ,M, ,0.00, ,29.59, ,29.94, , 4.1, ,23, ,7.5, ,21, ,160, ,13, ,250, 
23174,20110419,67, ,58, ,63, , 1, ,53, ,57, ,2, , 0, ,0518, ,1827, , , ,M, ,M, ,M, ,0.00, ,29.63, ,29.98, , 5.9, ,26, ,7.5, ,20, ,260, ,17, ,260, 
23174,20110420,64, ,56, ,60, ,-2, ,53, ,56, ,5, , 0, ,0517, ,1828, ,DZ, ,M, ,M, ,M, ,  T, ,29.68, ,30.03, , 10.0, ,26, ,10.1, ,22, ,260, ,17, ,270, 
23174,20110421,65, ,56, ,61, ,-1, ,52, ,55, ,4, , 0, ,0516, ,1829, , , ,M, ,M, ,M, ,0.00, ,29.69, ,30.04, , 5.5, ,25, ,6.9, ,24, ,250, ,18, ,260, 
23174,20110422,64, ,58, ,61, ,-1, ,52, ,55, ,4, , 0, ,0515, ,1829, , , ,M, ,M, ,M, ,0.00, ,29.63, ,29.98, , 7.5, ,26, ,8.1, ,24, ,270, ,18, ,280, 
23174,20110423,65, ,58, ,62, , 0, ,50, ,55, ,3, , 0, ,0514, ,1830, , , ,M, ,M, ,M, ,0.00, ,29.61, ,29.96, , 7.7, ,26, ,7.9, ,22, ,260, ,17, ,260, 
23174,20110424,65, ,58, ,62, , 0, ,52, ,56, ,3, , 0, ,0512, ,1831, , , ,M, ,M, ,M, ,  T, ,29.67, ,30.02, , 10.0, ,27, ,10.1, ,28, ,270, ,23, ,260, 
23174,20110425,67, ,56, ,62, , 0, ,53, ,56, ,3, , 0, ,0511, ,1832, , , ,M, ,M, ,M, ,0.00, ,29.68, ,30.03, , 8.2, ,26, ,9.4, ,32, ,250, ,25, ,260, 
23174,20110426,71, ,57, ,64, , 2, ,45, ,54, ,1, , 0, ,0510, ,1833, , , ,M, ,M, ,M, ,0.00, ,29.59, ,29.93, , 8.2, ,28, ,11.1, ,28, ,260, ,23, ,260, 
23174,20110427,76, ,56, ,66, , 4, ,46, ,55, ,0, , 1, ,0509, ,1833, , , ,M, ,M, ,M, ,0.00, ,29.62, ,29.96, , 5.1, ,25, ,7.5, ,24, ,260, ,20, ,260, 
23174,20110428,72, ,57, ,65, , 3, ,50, ,56, ,0, , 0, ,0508, ,1834, , , ,M, ,M, ,M, ,0.00, ,29.62, ,29.98, , 6.9, ,26, ,8.0, ,37, ,240, ,26, ,240, 
23174,20110429,69, ,55, ,62, , 0, ,47, ,54, ,3, , 0, ,0507, ,1835, ,BCFG HZ, ,M, ,M, ,M, ,0.00, ,29.59, ,29.94, , 4.3, ,27, ,7.5, ,26, ,270, ,22, ,270, 
23174,20110430,77, ,55, ,66, , 4, ,31, ,52, ,0, , 1, ,0506, ,1836, , , ,M, ,M, ,M, ,0.00, ,29.62, ,29.96, , 2.1, ,26, ,6.3, ,31, ,360, ,16, ,250, 
