12839,20110401,89, ,72, ,81, , 7, ,68, ,72, ,0, ,16, ,0613, ,1838, ,RA, ,M, ,M, ,M, ,0.14, ,29.82, ,29.86, , 4.7, ,24, ,8.6, ,25, ,230, ,16, ,260, 
12839,20110402,86, ,69, ,78, , 3, ,65, ,69, ,0, ,13, ,0612, ,1838, , , ,M, ,M, ,M, ,0.00, ,29.96, ,30.01, , 5.5, ,12, ,5.9, ,21, ,120, ,14, ,130, 
12839,20110403,86, ,72, ,79, , 4, ,67, ,71, ,0, ,14, ,0611, ,1839, , , ,M, ,M, ,M, ,0.00, ,30.04, ,30.08, , 6.9, ,08, ,8.1, ,23, ,090, ,20, ,090, 
12839,20110404,85, ,75, ,80, , 5, ,67, ,71, ,0, ,15, ,0610, ,1839, , , ,M, ,M, ,M, ,0.00, ,30.03, ,30.05, ,12.5, ,13, ,12.7, ,30, ,120, ,21, ,110, 
12839,20110405,92, ,70, ,81, , 6, ,68, ,71, ,0, ,16, ,0609, ,1840, , , ,M, ,M, ,M, ,0.34, ,29.93, ,29.97, , 6.7, ,18, ,10.2, ,35, ,320, ,23, ,310, 
12839,20110406,81, ,67, ,74, ,-1, ,65, ,68, ,0, , 9, ,0608, ,1840, , , ,M, ,M, ,M, ,0.00, ,30.06, ,30.10, , 6.5, ,06, ,8.4, ,23, ,040, ,17, ,080, 
12839,20110407,86, ,72, ,79, , 4, ,67, ,71, ,0, ,14, ,0607, ,1841, , , ,M, ,M, ,M, ,0.00, ,30.06, ,30.09, , 9.2, ,10, ,8.8, ,17,s,100, ,15, ,100, 
12839,20110408,87, ,75, ,81, , 6, ,67, ,71, ,0, ,16, ,0606, ,1841, , , ,M, ,M, ,M, ,0.00, ,30.08, ,30.11, , 9.0, ,10, ,8.6, ,15,s,090, ,13,s,090, 
12839,20110409,89, ,73, ,81, , 6, ,66, ,71, ,0, ,16, ,0605, ,1842, , , ,M, ,M, ,M, ,0.00, ,30.08, ,30.11, , 5.9, ,09, ,6.5, ,25, ,100, ,17, ,090, 
12839,20110410,87, ,72, ,80, , 5, ,67, ,71, ,0, ,15, ,0604, ,1842, , , ,M, ,M, ,M, ,0.00, ,30.08, ,30.11, , 3.3, ,13, ,4.2, ,18, ,140, ,13, ,130, 
12839,20110411,87, ,71, ,79, , 4, ,68, ,72, ,0, ,14, ,0603, ,1842, , , ,M, ,M, ,M, ,0.00, ,30.04, ,30.07, , 4.5, ,14, ,4.6, ,22, ,150, ,15, ,130, 
12839,20110412,90, ,72, ,81, , 6, ,67, ,72, ,0, ,16, ,0602, ,1843, , , ,M, ,M, ,M, ,0.00, ,29.96, ,29.99, , 4.2, ,20, ,6.2, ,25, ,160, ,18, ,130, 
12839,20110413,88, ,71, ,80, , 5, ,66, ,71, ,0, ,15, ,0601, ,1843, , , ,M, ,M, ,M, ,0.00, ,29.94, ,29.98, , 1.6, ,22, ,5.2, ,21, ,170, ,14, ,160, 
12839,20110414,87, ,68, ,78, , 3, ,63, ,68, ,0, ,13, ,0560, ,1844, , , ,M, ,M, ,M, ,0.00, ,29.95, ,29.98, , 4.1, ,09, ,7.1, ,18, ,100, ,15, ,100, 
12839,20110415,88, ,74, ,81, , 6, ,68, ,72, ,0, ,16, ,0559, ,1844, , , ,M, ,M, ,M, ,  T, ,29.95, ,29.98, , 6.6, ,14, ,6.9, ,24, ,120, ,17, ,130, 
12839,20110416,88, ,73, ,81, , 5, ,70, ,73, ,0, ,16, ,0558, ,1845, ,RA, ,M, ,M, ,M, ,0.81, ,29.96, ,29.99, , 6.4, ,16, ,7.3, ,26, ,150, ,18, ,130, 
12839,20110417,89, ,71, ,80, , 4, ,68, ,71, ,0, ,15, ,0557, ,1845, ,TS RA GS BR, ,M, ,M, ,M, ,1.26, ,29.95, ,29.98, , 1.9, ,16, ,3.9, ,47, ,090, ,36,s,060, 
12839,20110418,87, ,69, ,78, , 2, ,68, ,71, ,0, ,13, ,0556, ,1846, , , ,M, ,M, ,M, ,0.00, ,29.99, ,30.03, , 4.4, ,13, ,5.1, ,22, ,140, ,16, ,110, 
12839,20110419,M, ,M, ,M, ,M, ,67, ,72, ,M, ,M, ,0555, ,1846, , , ,M, ,M, ,M, ,M, ,M, ,30.09, , 8.0, ,11, ,M, ,M, ,M, ,M, ,M, 
12839,20110420,86, ,76, ,81, , 5, ,65, ,71, ,0, ,16, ,0554, ,1847, , , ,M, ,M, ,M, ,0.00, ,30.08, ,30.11, ,10.5, ,09, ,11.1, ,23, ,130, ,18, ,120, 
12839,20110421,85, ,75, ,80, , 4, ,62, ,69, ,0, ,15, ,0553, ,1847, , , ,M, ,M, ,M, ,0.00, ,30.06, ,30.10, ,10.8, ,08, ,11.3, ,23, ,080, ,18, ,090, 
12839,20110422,85, ,72, ,79, , 3, ,61, ,68, ,0, ,14, ,0552, ,1848, , , ,M, ,M, ,M, ,0.00, ,30.06, ,30.11, ,10.4, ,09, ,10.8, ,23, ,090, ,18, ,110, 
12839,20110423,85, ,75, ,80, , 4, ,64, ,70, ,0, ,15, ,0551, ,1848, , , ,M, ,M, ,M, ,0.00, ,30.09, ,30.12, ,11.3, ,09, ,11.9, ,24, ,100, ,18, ,110, 
12839,20110424,86, ,73, ,80, , 4, ,67, ,71, ,0, ,15, ,0550, ,1849, ,RA, ,M, ,M, ,M, ,0.16, ,30.06, ,30.09, ,11.2, ,09, ,11.5, ,31, ,080, ,18, ,110, 
12839,20110425,87, ,77, ,82, , 5, ,69, ,73, ,0, ,17, ,0550, ,1849, , , ,M, ,M, ,M, ,0.00, ,29.97, ,29.99, ,11.2, ,09, ,11.4, ,26, ,090, ,20, ,100, 
12839,20110426,88, ,77, ,83, , 6, ,72, ,75, ,0, ,18, ,0549, ,1850, , , ,M, ,M, ,M, ,0.00, ,29.91, ,29.94, , 8.3, ,14, ,8.8, ,28, ,160, ,18, ,130, 
12839,20110427,89, ,79, ,84, , 7, ,73, ,76, ,0, ,19, ,0548, ,1850, , , ,M, ,M, ,M, ,0.00, ,29.93, ,29.98, ,12.3, ,14, ,10.6, ,13,s,130, ,13,s,130, 
12839,20110428,89, ,78, ,84, , 7, ,73, ,76, ,0, ,19, ,0547, ,1851, , , ,M, ,M, ,M, ,0.00, ,29.99, ,30.03, , 9.3, ,15, ,9.4, ,21, ,160, ,16, ,130, 
12839,20110429,91, ,71, ,81, , 4, ,71, ,74, ,0, ,16, ,0546, ,1851, ,RA BR, ,M, ,M, ,M, ,2.58, ,29.95, ,29.97, , 2.4, ,16, ,6.3, ,38, ,210, ,26, ,200, 
12839,20110430,88, ,75, ,82, , 5, ,71, ,74, ,0, ,17, ,0545, ,1852, ,RA, ,M, ,M, ,M, ,0.07, ,29.96, ,29.99, , 7.4, ,08, ,8.1, ,22, ,110, ,16, ,080, 
