14732,20110401,44, ,36, ,40, ,-7, ,33, ,37, ,25, , 0, ,0540, ,1820, ,RA SN, ,0, ,M, ,  T, ,0.15, ,29.39, ,29.42, , 9.3, ,32, ,11.8, ,29, ,290, ,23, ,290, 
14732,20110402,53, ,39, ,46, ,-2, ,24, ,38, ,19, , 0, ,0538, ,1821, , , ,0, ,M, ,0.0, ,0.00, ,29.49, ,29.55, ,14.4, ,28, ,15.0, ,31, ,290, ,23, ,300, 
14732,20110403,56, ,42, ,49, , 1, ,23, ,39, ,16, , 0, ,0536, ,1822, ,RA, ,0, ,M, ,0.0, ,  T, ,29.83, ,29.89, ,12.1, ,31, ,13.4, ,33, ,330, ,29, ,320, 
14732,20110404,61, ,44, ,53, , 5, ,41, ,46, ,12, , 0, ,0535, ,1823, ,RA, ,0, ,M, ,0.0, ,0.04, ,29.74, ,29.70, , 7.9, ,15, ,9.0, ,25, ,170, ,20, ,170, 
14732,20110405,64, ,41,s,M, ,M, ,39, ,44, ,M, ,M, ,0533, ,1824, ,RA BR, ,0, ,M, ,0.0, ,0.10, ,29.39, ,29.45, , 9.1, ,28, ,15.9, ,39, ,300, ,31, ,310, 
14732,20110406,54, ,39, ,47, ,-2, ,26, ,38, ,18, , 0, ,0531, ,1825, ,RA, ,0, ,M, ,0.0, ,0.10, ,29.90, ,29.96, ,10.7, ,28, ,12.0, ,35, ,280, ,25, ,270, 
14732,20110407,51, ,41, ,46, ,-3, ,36, ,41, ,19, , 0, ,0530, ,1826, ,RA, ,0, ,M, ,0.0, ,0.01, ,30.04, ,30.10, , 5.2, ,06, ,8.5, ,22, ,060, ,17, ,050, 
14732,20110408,47, ,41, ,44, ,-6, ,35, ,40, ,21, , 0, ,0528, ,1827, ,BR, ,0, ,M, ,0.0, ,0.00, ,30.16, ,30.19, , 3.4, ,07, ,6.7, ,21, ,050, ,15, ,190, 
14732,20110409,55, ,38, ,47, ,-3, ,30, ,40, ,18, , 0, ,0527, ,1828, ,BR, ,0, ,M, ,0.0, ,0.00, ,30.12, ,30.16, , 3.8, ,15, ,7.2, ,20, ,150, ,15, ,180, 
14732,20110410,54, ,44, ,49, ,-1, ,36, ,43, ,16, , 0, ,0525, ,1829, , , ,0, ,M, ,0.0, ,0.00, ,30.08, ,30.09, , 6.9, ,17, ,7.2, ,23, ,180, ,18, ,170, 
14732,20110411,75, ,47, ,61, ,10, ,52, ,56, ,4, , 0, ,0524, ,1830, ,BR, ,0, ,M, ,0.0, ,0.01, ,29.70, ,29.70, , 8.2, ,20, ,9.8, ,29, ,270, ,22, ,260, 
14732,20110412,73, ,46, ,60, , 9, ,44, ,50, ,5, , 0, ,0522, ,1832, ,TSRA RA, ,0, ,M, ,0.0, ,0.96, ,29.80, ,29.86, , 9.1, ,03, ,15.0, ,41, ,070, ,28, ,080, 
14732,20110413,52, ,43, ,48, ,-3, ,43, ,45, ,17, , 0, ,0520, ,1833, ,RA DZ BR, ,0, ,M, ,0.0, ,0.45, ,29.86, ,29.89, ,12.4, ,05, ,14.2, ,38, ,060, ,30, ,050, 
14732,20110414,67, ,47, ,57, , 5, ,39, ,48, ,8, , 0, ,0519, ,1834, , , ,0, ,M, ,0.0, ,0.00, ,29.93, ,30.01, , 4.8, ,33, ,7.7, ,20, ,040, ,15, ,020, 
14732,20110415,54, ,41, ,48, ,-4, ,31, ,40, ,17, , 0, ,0517, ,1835, , , ,0, ,M, ,0.0, ,0.00, ,30.33, ,30.39, , 8.4, ,08, ,12.2, ,26, ,060, ,22, ,060, 
14732,20110416,55, ,40, ,48, ,-4, ,41, ,44, ,17, , 0, ,0516, ,1836, ,RA BR, ,0, ,M, ,0.0, ,1.58, ,30.12, ,30.05, ,17.1, ,11, ,19.6, ,48, ,130, ,36, ,120, 
14732,20110417,60, ,51, ,56, , 3, ,37, ,47, ,9, , 0, ,0514, ,1837, , , ,0, ,M, ,0.0, ,0.20, ,29.57, ,29.64, ,13.1, ,25, ,15.1, ,41, ,160, ,31, ,190, 
14732,20110418,63, ,47, ,55, , 2, ,33, ,44, ,10, , 0, ,0513, ,1838, , , ,0, ,M, ,0.0, ,  T, ,29.91, ,29.96, , 3.5, ,23, ,10.4, ,26, ,170, ,22, ,170, 
14732,20110419,53, ,46, ,50, ,-3, ,42, ,46, ,15, , 0, ,0511, ,1839, ,RA, ,0, ,M, ,0.0, ,0.01, ,30.01, ,30.04, , 6.3, ,05, ,7.1, ,22, ,050, ,17, ,060, 
14732,20110420,66, ,44, ,55, , 1, ,44, ,47, ,10, , 0, ,0510, ,1840, ,DZ FG+ BR HZ, ,M, ,M, ,M, ,  T, ,29.86, ,29.88, , 4.9, ,05, ,8.4, ,25, ,260, ,20, ,270, 
14732,20110421,65, ,43, ,54, , 0, ,28, ,42, ,11, , 0, ,0508, ,1841, , , ,0, ,M, ,0.0, ,0.00, ,30.04, ,30.14, ,16.0, ,32, ,17.1, ,44, ,280, ,31, ,310, 
14732,20110422,49, ,40, ,45, ,-9, ,26, ,37, ,20, , 0, ,0507, ,1842, , , ,0, ,M, ,0.0, ,  T, ,30.40, ,30.43, , 4.3, ,10, ,9.5, ,21, ,050, ,16, ,050, 
14732,20110423,59, ,43, ,51, ,-4, ,48, ,49, ,14, , 0, ,0505, ,1843, ,RA BR, ,0, ,M, ,0.0, ,0.82, ,30.10, ,30.09, , 7.0, ,16, ,8.1, ,25, ,140, ,18, ,190, 
14732,20110424,78, ,51, ,65, ,10, ,57, ,60, ,0, , 0, ,0504, ,1844, ,TSRA RA BR, ,0, ,M, ,0.0, ,0.37, ,29.93, ,29.97, , 2.7, ,21, ,6.5, ,24, ,170, ,20, ,170, 
14732,20110425,66, ,54, ,60, , 4, ,55, ,57, ,5, , 0, ,0503, ,1845, ,FG+ BR HZ, ,0, ,M, ,0.0, ,  T, ,29.99, ,30.02, , 5.8, ,07, ,7.4, ,21, ,160, ,16, ,160, 
14732,20110426,80, ,51, ,66, ,10, ,56, ,59, ,0, , 1, ,0501, ,1846, ,FG+ BR HZ, ,0, ,M, ,0.0, ,0.00, ,29.91, ,29.95, , 6.9, ,16, ,10.2, ,31, ,170, ,24, ,170, 
14732,20110427,70, ,57, ,64, , 8, ,58, ,60, ,1, , 0, ,0460, ,1847, ,BR, ,0, ,M, ,0.0, ,  T, ,29.91, ,29.93, ,11.6, ,17, ,12.7, ,30, ,180, ,24, ,170, 
14732,20110428,69, ,58, ,64, , 7, ,58, ,60, ,1, , 0, ,0459, ,1848, ,TS TSRA RA BR, ,0, ,M, ,0.0, ,0.27, ,29.68, ,29.69, ,11.2, ,18, ,12.5, ,35, ,170, ,28, ,170, 
14732,20110429,68, ,54, ,61, , 4, ,39, ,50, ,4, , 0, ,0457, ,1849, , , ,0, ,M, ,0.0, ,0.00, ,29.70, ,29.76, ,10.5, ,28, ,11.7, ,28, ,300, ,23, ,320, 
14732,20110430,65, ,50, ,58, , 1, ,36, ,47, ,7, , 0, ,0456, ,1850, , , ,0, ,M, ,0.0, ,0.00, ,30.00, ,30.07, , 6.8, ,34, ,9.8, ,23, ,010, ,18, ,320, 
