23234,20040101,56,44,50,1,47,49,15,0,RAFGHZ,-,-,-,2.16,29.84,29.96,10.7,18,13.8,56,18,45,18
23234,20040102,52,40,46,-3,41,44,19,0,RAFGHZ,-,-,-,0.26,29.95,30.07,3.2,23,6.0,22,24,17,30
23234,20040103,50,39,45,-4,35,41,20,0,-,-,-,-,0.00,30.12,30.26,1.7,32,3.3,17,26,14,26
23234,20040104,50,35,43*,-6,38,41,22,0,-,-,-,-,0.00,30.22,30.36,2.7,1,4.4,16,5,14,5
23234,20040105,53,40,47,-2,35,41,18,0,-,-,-,-,0.00,30.15,30.27,5.5,11,6.9,15,6,14,5
23234,20040106,51,45,48,-1,39,44,17,0,HZ,-,-,-,0.06,29.95,30.06,1.9,13,4.2,13,15,10,12
23234,20040107,57,47,52,3,44,49,13,0,-,M,-,M,T,29.88,30.03,2.3,12,6.2,17,10,17,10
23234,20040108,61,50,56,7,46,50,9,0,FGHZ,M,-,M,T,29.93,30.08,1.8,11,5.2,24,18,20,18
23234,20040109,61,50,56,7,50,52,9,0,RAFG,-,-,-,0.16,30.01,30.14,5.7,12,8.1,31,14,25,15
23234,20040110,59,52,56*,7,51,52,9,0,RAFG,-,-,-,0.01,30.00,30.14,0.1,10,1.1,14,35,10,35
23234,20040111,61,46,54,5,50,51,11,0,FGHZ,-,-,-,0.00,29.88,30.01,0.7,10,2.3,10,30,9,30
23234,20040112,54,46,50,1,49,50,15,0,FG+FGHZ,-,-,-,0.01,30.02,30.16,0.9,6,2.7,12,6,10,6
23234,20040113,55,46,51,2,47,48,14,0,FG+FGBCFGHZ,-,-,-,0.00,30.10,30.24,3.6,8,5.1,15,34,13,34
23234,20040114,50,46,48,-1,45,47,17,0,RAFGBCFGHZ,-,-,-,0.02,30.04,30.16,2.4,8,3.3,12,1,10,1
23234,20040115,55,46,51,2,49,50,14,0,FG,-,-,-,0.00,29.92,30.05,1.7,27,3.2,15,27,13,27
23234,20040116,53,50,52,3,47,50,13,0,FGHZ,-,-,-,0.00,29.92,30.05,3.3,8,5.4,13,13,12,12
23234,20040117,54,49,52,3,44,48,13,0,FGHZ,-,-,-,0.00,29.94,30.09,4.5,6,7.1,18,8,16,7
23234,20040118,55,48,52,3,46,48,13,0,FGHZ,-,-,-,0.00,30.04,30.17,3.7,4,5.7,15,14,13,4
23234,20040119,54,50,52,3,49,50,13,0,FG,-,-,-,T,30.02,30.15,1.4,6,4.8,18,27,15,28
23234,20040120,56,46,51,2,47,49,14,0,FG,-,-,-,0.01,29.99,30.10,2.5,31,5.8,16,28,14,26
23234,20040121,58,44,51,2,41,46,14,0,-,-,-,-,0.00,30.12,30.25,1.0,12,4.0,17,27,15,27
23234,20040122,59,40,50,0,42,46,15,0,-,-,-,-,0.00,30.16,30.31,4.4,27,5.4,30,19,16,27
23234,20040123,53,43,48,-2,45,47,17,0,RAFGHZ,-,-,-,0.05,30.03,30.16,1.4,30,4.7,22,26,16,26
23234,20040124,55,48,52,2,47,49,13,0,RAFG,-,-,-,0.20,29.89,30.02,4.3,28,9.0,32,27,28,27
23234,20040125,55,42,49,-1,39,44,16,0,-,-,-,-,0.00,30.02,30.15,3.3,28,5.3,16,28,13,27
23234,20040126,55,46,51,1,44,47,14,0,-,-,-,-,T,30.09,30.21,4.1,15,6.1,22,12,18,14
23234,20040127,57,49,53,3,50,51,12,0,RA,-,-,-,0.04,30.03,30.18,5.5,21,10.3,26,19,21,26
23234,20040128,57,43,50,0,47,48,15,0,FG,-,-,-,0.00,30.12,30.26,4.6,28,6.1,23,25,18,26
23234,20040129,52,48,50,-1,49,50,15,0,FG,-,-,-,0.00,30.10,30.23,1.9,3,4.2,16,26,14,27
23234,20040130,56,49,53,2,45,49,12,0,RAFG,-,-,-,0.05,30.03,30.15,9.6,27,11.1,30,28,24,28
23234,20040131,55,40,48,-3,39,44,17,0,-,-,-,-,0.00,29.98,30.10,8.9,28,10.5,32,27,26,27
