24233,20040101,37,30,34,-6,30,32,31,0,SNFG,-,-,-,0.27,29.05,30.80,3.5,4,5.4,16,5,14,2
24233,20040102,36,32,34,-6,33,34,31,0,RASNFGBCFG,-,-,-,0.04,29.36,29.89,4.5,17,5.3,18,22,14,22
24233,20040103,36,23,30,-10,23,27,35,0,SNFG,M,-,M,0.02,29.53,30.05,7.7,36,12.2,25,2,21,1
24233,20040104,27,20,24,-16,11,20,41,0,-,-,-,-,0.00,29.88,30.44,11.3,2,11.6,21,3,17,2
24233,20040105,26,20,23*,-17,2,18,42,0,-,-,-,-,0.00,29.91,30.47,11.7,9,12.0,25,10,20,8
24233,20040106,31,22,27,-13,20,24,38,0,FZRAFZDZSNFG+FGFZFG,M,-,M,0.54,29.43,29.95,12.8,12,12.9,26,12,23,12
24233,20040107,39,30,35,-5,32,33,30,0,RAFZRAFG,M,-,M,0.65,29.23,29.76,3.7,13,4.5,21,13,16,12
24233,20040108,47,37,42,2,36,39,23,0,-,-,-,-,0.22,29.46,29.99,5.8,12,7.6,21,13,17,12
24233,20040109,55,40,48,8,40,44,17,0,-,-,-,-,0.15,29.44,29.97,3.5,12,6.8,24,12,21,11
24233,20040110,50,38,44,3,44,44,21,0,RA,-,-,-,0.11,29.63,30.15,1.7,16,3.3,13,21,10,18
24233,20040111,49,33,41,0,40,40,24,0,FG+FGMIFG,-,-,-,0.00,29.51,30.05,1.5,4,2.9,10,4,9,5
24233,20040112,48,35,42,1,40,41,23,0,RAFG+FG,M,-,M,0.16,29.52,30.05,1.3,12,4.1,15,12,14,11
24233,20040113,54,37,46,5,43,45,19,0,FG,-,-,-,0.02,29.62,30.15,1.9,13,3.9,15,10,13,10
24233,20040114,52,46,49,8,47,48,16,0,RAFGBCFG,-,-,-,0.64,29.51,30.04,2.7,16,4.1,20,16,13,14
24233,20040115,50,45,48,7,47,47,17,0,RAFG,-,-,-,0.06,29.52,30.04,6.0,22,6.6,18,22,15,22
24233,20040116,48,41,45,4,42,43,20,0,FG,-,-,-,0.00,29.55,30.09,0.7,1,2.8,10,4,8,3
24233,20040117,48,35,42,1,40,41,23,0,FG+FG,-,-,-,T,29.54,30.07,1.7,17,2.9,10,24,9,24
24233,20040118,47,43,45,4,44,44,20,0,RAFG,-,-,-,0.19,29.56,30.09,4.6,18,5.8,17,20,13,21
24233,20040119,52,41,47,6,42,44,18,0,-,-,-,-,T,29.63,30.16,3.0,3,4.6,14,4,12,4
24233,20040120,45,36,41,0,40,41,24,0,FG,-,-,-,0.00,29.81,30.35,3.0,3,3.8,14,4,13,4
24233,20040121,44,33,39,-2,37,38,26,0,FG,-,-,-,0.00,29.85,30.40,1.7,12,3.5,10,13,8,29
24233,20040122,47,32,40,-1,35,38,25,0,RAFG+FG,-,-,-,0.05,29.71,30.23,3.0,18,4.3,14,12,12,13
24233,20040123,47,41,44,3,44,44,21,0,RAFG,-,-,-,0.65,29.39,29.92,1.0,17,3.6,12,23,8,36
24233,20040124,44,34,39,-2,35,38,26,0,DZFG,M,-,M,0.01,29.24,29.76,8.7,22,9.6,31,22,25,23
24233,20040125,42,33,38,-3,35,37,27,0,-,-,-,-,T,29.49,30.04,6.6,20,6.9,18,21,14,20
24233,20040126,45,40,43,1,38,41,22,0,-,-,-,-,T,29.42,29.95,13.6,20,13.8,25,21,20,21
24233,20040127,48,41,45,3,39,42,20,0,FG,-,-,-,T,29.40,29.93,5.2,21,7.0,24,21,20,21
24233,20040128,49,33,41,-1,44,45,24,0,RAFG,M,-,M,0.49,29.33,29.86,12.8,20,13.2,32,18,22,18
24233,20040129,53,48,51*,9,49,50,14,0,RAFG,-,-,-,1.63,29.18,30.08,12.0,20,12.4,32,21,26,19
24233,20040130,51,39,45,3,36,39,20,0,FG,-,-,-,0.17,29.22,30.36,15.7,22,16.2,40,22,30,22
24233,20040131,43,37,40,-2,35,37,25,0,RA,-,-,-,0.29,29.39,29.91,8.3,20,9.8,24,21,21,17
